4294967279,130
4294967279,129
4294967279,128
4294967279,127
4294967279,126
4294967279,125
4294967279,124
4294967279,123
4294967279,122
4294967279,121
4294967279,120
4294967279,119
4294967279,118
4294967279,117
4294967279,116
4294967279,115
4294967279,114
4294967279,113
4294967278,38
4294967278,37
4294967278,36
4294967278,35
4294967278,34
4294967278,32
4294967278,31
4294967278,30
4294967278,29
4294967278,28
4294967278,27
4294967278,26
4294967278,25
4294967278,24
4294967278,23
4294967278,22
4294967278,21
4294967278,20
4294967278,19
4294967278,18
4294967278,17
4294967278,16
4294967278,15
4294967278,14
4294967278,13
4294967278,12
4294967278,11
4294967278,10
4294967278,9
4294967278,8
4294967278,7
4294967278,6
4294967278,5
4294967278,4
4294967279,132
4294967279,131
4294967279,22
4294967279,19
4294967279,18
4294967279,16
4294967279,14
4294967279,13
4294967278,286
4294967278,33
4294967294,75
4294967294,169
4294967294,174
4294967294,50
4294967278,144
4294967278,143
4294967294,112
4294967294,180
4294967294,107
4294967278,142
4294967294,94
4294967294,93
4294967294,96
4294967278,141
2,4
2,3
2,2
2,1
4294967279,277
4294967278,140
4294967294,8
0,7
4294967294,393
4294967294,45
4294967294,428
4294967294,44
4294967294,53
4294967294,187
4294967294,29
4294967294,414
4294967294,91
4294967294,90
4294967294,87
4294967294,86
4294967294,85
4294967294,84
4294967294,83
4294967294,92
4294967294,88
4294967294,69
4294967278,139
4294967294,18
4294967294,127
4294967294,14
4294967294,126
4294967294,20
4294967294,13
4294967294,119
4294967294,425
4294967294,909
4294967294,901
4294967294,944
4294967294,943
4294967294,940
4294967294,935
4294967294,924
4294967294,896
4294967294,830
4294967294,829
4294967294,828
4294967294,60
4294967294,964
4294967294,919
4294967294,917
4294967294,911
4294967294,965
4294967294,910
4294967294,905
4294967294,907
4294967294,962
4294967294,961
4294967294,397
4294967294,413
4294967294,391
4294967294,386
4294967294,398
4294967294,408
4294967294,400
4294967294,403
4294967294,410
4294967294,415
4294967294,451
4294967294,120
4294967294,412
4294967294,406
4294967294,401
4294967279,135
4294967279,133
4294967279,276
4294967279,20
4294967279,270
4294967279,269
4294967294,456
4294967279,268
4294967279,267
4294967279,266
4294967278,285
4294967279,265
4294967279,264
4294967294,517
4294967294,424
4294967294,416
4294967294,453
4294967279,260
4294967278,284
4294967278,260
4294967278,0
4294967294,455
4294967279,262
4294967279,261
4294967294,421
4294967279,259
4294967294,7
4294967294,6
4294967279,258
4294967294,95
4294967294,161
4294967294,30
4294967294,160
4294967294,164
4294967294,899
4294967294,97
4294967294,189
4294967294,61
4294967294,42
4294967294,76
4294967294,36
4294967294,39
4294967294,41
4294967294,387
4294967294,51
4294967294,113
4294967294,167
4294967294,177
4294967294,81
4294967294,11
4294967294,12
4294967294,175
4294967294,183
4294967294,182
4294967294,176
4294967294,173
4294967294,170
4294967294,971
4294967294,967
4294967294,163
4294967294,190
4294967294,968
4294967294,82
4294967294,46
4294967294,115
4294967294,388
4294967294,116
4294967294,168
4294967294,162
4294967294,5
4294967294,104
4294967294,166
4294967294,184
4294967294,384
4294967294,188
4294967294,185
4294967294,22
4294967294,99
4294967294,43
4294967294,52
4294967294,450
4294967294,68
4294967278,132
4294967278,131
4294967278,130
4294967278,129
4294967278,128
4294967278,127
4294967278,126
4294967278,125
4294967278,124
4294967278,123
4294967278,122
4294967278,121
4294967278,120
4294967278,119
4294967278,118
4294967278,117
4294967278,116
4294967278,115
4294967278,114
4294967278,113
4294967278,112
4294967278,111
4294967278,110
4294967278,109
4294967278,108
4294967278,107
4294967278,106
4294967278,105
4294967278,104
4294967278,103
4294967278,102
4294967278,101
4294967278,100
4294967278,99
4294967278,98
4294967278,97
4294967278,96
